
51.8439 39.0593
50.9784 38.3272
12.3443 12.3936
40.4554 29.4216
40.2298 29.2079
20.4563 20.7923
42.0809 28.9864
17.3665 17.5344
24.4452 24.8297
42.7753 28.8479
43.4772 30.1755
45.2657 31.4116
14.2837 14.4164
15.6483 15.7008
22.7550 23.0756
18.4631 18.5810
45.9316 32.0867
45.4553 31.3149
13.8146 13.8848
44.9378 31.5098
44.5295 31.4767
43.6776 30.9377
13.3630 13.3811
44.7165 31.8060
45.4254 32.0359
12.9796 13.0274
45.4732 32.2960
18.6972 18.7697
45.6816 32.1796
17.1812 17.2219
44.8694 31.9606
16.2325 16.3293
45.2904 31.2833
46.7730 32.1175
46.4786 32.0254
12.1159 12.2084
47.9582 33.6609
12.4413 12.4662
12.6392 12.7317
45.0265 31.9066
44.9348 31.8408
16.9360 16.9819
44.7166 31.0876
43.9227 31.1410
17.6546 17.8398
45.2384 32.2363
15.3224 15.3646
17.6003 17.7475
15.0401 15.0845
15.4392 15.5116
43.9315 30.9797
17.5952 17.6855
43.4384 31.3652
43.4351 31.2013
17.8213 17.8841
44.0087 31.4766
45.7960 31.3316
19.4406 19.5568
44.0497 31.5798
45.2118 31.8276
44.8100 31.6957
27.2143 27.3112
29.4594 28.8122
28.3485 28.1861
28.4321 28.5195
43.8879 30.9916
44.1274 30.8834
28.6757 28.2163
44.3858 30.8395
44.6058 31.5898
44.7014 31.7194
23.8264 23.8808
24.9434 25.0182
43.8307 30.8193
15.0742 15.1754
44.3059 31.2935
26.9179 27.3843
45.0648 31.4158
27.0376 27.4407
26.6551 27.1413
27.4190 28.0635
44.2418 31.6595
45.9046 32.7179
22.0751 22.2267
12.6246 12.7920
44.2634 31.9220
17.4642 17.5300
10.8683 11.0127
45.1031 32.1986
17.5802 17.6282
